55
66
77
55
44
55
66
33
444
332
33
44
55
77
234
23
323
222
22
444
54
54
56
67
87
54
32
45
99
98
87
76
78
322
89
78
67
89
67
99
93
93
39
94
95
95
91
92
90
55
66
77
55
44
55
66
33
444
332
33
44
55
77
234
23
323
222
22
444
54
54
56
67
87
55
66
77
88
33
44
33
22
11
33
444
432
324
55
66
77
55
44
55
66
33
444
332
33
44
55
77
234
23
323
222
22
444
54
54
56
67
87
54
32
45
99
98
87
76
78
322
89
78
67
89
67
99
93
93
39
94
95
95
91
92
90
55
66
77
55
44
55
66
33
444
332
33
44
55
77
234
23
323
222
22
444
54
54
56
67
87
55
66
77
55
44
55
66
33
444
332
33
44
55
77
234
23
323
222
22
444
54
54
56
67
87
54
32
45
99
98
87
76
78
322
89
78
67
89
67
99
93
93
39
94
95
95
91
92
90
55
66
77
55
44
55
66
33
444
332
33
44
55
77
234
23
323
222
22
444
54
54
56
67
87
55
66
77
88
33
44
33
22
11
33
444
432
324
55
66
77
55
44
55
66
33
444
332
33
44
55
77
234
23
323
222
22
444
54
54
56
67
87
54
32
45
99
98
87
76
78
322
89
78
67
89
67
99
93
93
39
94
95
95
91
92
90
55
66
77
55
44
55
66
33
444
332
33
44
55
77
234
23
323
222
22
444
54
54
56
67
87